11813
12420
51676
7644
37816
47107
7815
30443
7564
30256
2919
64185
53791
4666
44181
31757
64030
25338
55634
12016
43924
30733
57969
24331
20411
51815
25236
51716
30244
56965
28789
3576
27091
28508
1407
58285
16641
32892
44886
35730
5010
7212
6303
51855
51265
44892
49109
37447
29239
54772
26970
24017
37301
28114
51088
62114
3994
8887
14299
33598
28235
37146
49437
47371
12314
5605
7959
25095
46336
26026
12505
241
64615
56140
42738
18516
36188
56392
4882
15818
56557
50322
13771
59445
35038
5360
33662
44164
41416
29123
46593
59054
39924
46345
61726
37450
46998
35207
35639
36321
16468
54985
11525
59336
46722
39442
25182
53662
11226
34769
17815
4671
3676
10214
65234
48073
36909
48467
60234
22041
28583
41953
26138
50290
18663
23647
3823
49373
55010
65113
45828
36751
46847
29976
34061
25248
52348
53528
26682
2199
18839
6134
48352
53587
33082
42634
20881
55959
56720
15442
1269
6817
60407
47225
58009
53603
11888
2018
27273
31523
62220
40215
34879
50946
35970
26346
64523
27687
63691
48445
37511
24195
60735
19768
6784
56160
55246
6934
12970
62411
13408
10304
37022
43542
30993
58544
35100
54799
17711
738
22998
58324
45844
35346
58959
6414
1271
39862
24235
30364
3707
37594
12342
1854
63653
14057
61200
39176
25069
15249
54731
34161
37120
17662
28328
29966
62498
63264
55607
34495
35327
4104
31255
8233
63585
19744
16460
1450
64299
33068
51154
25637
50920
12788
43632
54717
55325
47230
10774
24030
10227
57823
57912
1848
43375
41357
25318
33182
25957
31878
63
33914
14277
59179
61009
9975
40002
6803
7175
1841
48057
43332
33358
22589
62584
56176
38629
33175
59094
8165
50927
17411
64187
30010
50257
40505
49897
59044
46280
22842
21851
9591
4624
1795
63057
1056
6838
51410
29280
32040
55828
47780
29987
57684
1913
57867
39511
26431
46867
54656
2102
19664
14011
32970
2205
62623
35875
55728
23675
22073
11390
36760
18183
60689
28379
45022
32309
18064
23821
28980
4157
57591
19159
20719
48363
14877
39655
65485
26927
31639
25744
18124
63026
59663
1862
45658
30565
8767
55530
63687
11939
64542
60715
25236
55079
32940
54766
1619
12703
58051
16927
8345
55726
32618
37002
51495
43438
32993
783
31540
8416
17696
59988
30197
50344
12764
18159
42573
33614
20471
20897
14672
65510
36745
44037
62223
111
26765
42367
7277
10804
9081
47135
8102
53843
11306
52811
29647
576
43378
57079
7880
22335
12328
19203
6169
6586
53805
9623
6490
41722
19644
10890
44943
52843
34222
50314
38608
1218
29080
51059
56574
15338
31928
48662
60230
46097
33558
9250
16153
451
43336
6361
17485
9163
8917
62523
51582
39721
19981
21128
61420
12402
62223
14263
9972
52885
54603
43423
50029
31596
55298
52015
33440
27873
28574
4169
55762
51855
63279
30735
19496
12480
17293
62932
15389
12397
47191
57045
18706
4267
32485
38752
26573
5911
55409
3222
35812
48797
60222
13250
4643
1116
45826
44121
47031
25151
48950
20906
63787
5035
17040
35855
19792
54087
17975
17038
3477
44841
64793
39993
40176
47945
41171
12283
49859
1700
40402
43130
24182
3885
20501
19505
56512
8287
8580
50857
57205
16901
30278
12857
42470
9464
46939
57644
11612
27650
47121
7398
4204
46307
11253
53410
40928
25015
28924
24412
59958
43813
24836
12323
44599
24824
32416
29970
62339
44634
47067
30383
2008
35313
15909
4725
23396
22073
61871
59267
32717
54356
30677
55960
57118
30991
60515
39528
30681
37296
56540
49560
35789
27118
53038
13389
7917
55125
27525
44708
60410
36225
44659
59296
1199
23376
34442
41925
15612
45269
27289
64333
14877
26991
52280
36074
8776
64114
37295
26190
30084
38478
49816
56000
12051
9114
22589
1332
30296
49114
15824
14686
35050
58519
20866
36382
13214
48095
65118
1503
55319
9304
27649
44781
13825
52850
25856
41301
46349
35031
56103
45254
56509
41826
16980
25290
50203
31491
854
37667
13042
3828
47236
46372
47916
36384
12731
53249
26907
19358
56721
57651
40791
32744
58790
57849
64684
50049
19733
7983
41590
46030
46416
13379
5653
46548
8320
52860
11037
8507
25674
23547
43956
12675
54575
7531
48019
10660
38401
22820
34418
61359
32744
65111
40628
45249
41734
9536
23309
37342
19856
598
31702
7776
31764
1147
51540
43257
47404
38229
13595
42631
12803
58815
14551
45940
3966
8803
48587
20959
44565
40238
14537
62000
53460
55919
59556
50608
25174
60377
16150
36100
16851
13016
34861
47056
15867
5813
24830
236
1114
46202
40324
20569
65021
17947
58775
15190
57802
24355
48189
30725
1614
1624
24863
5906
2109
47257
15415
14219
19570
2346
24061
10434
56468
39327
19588
55632
32854
46868
30415
59882
11089
61084
31956
29769
36017
14065
10994
23294
62124
60626
56559
58358
48198
20799
42320
9718
14428
45141
25660
63147
19919
64500
9081
9299
24053
53786
60759
51386
1140
27358
43331
60589
12013
18659
46133
55314
20236
14307
13163
46358
29586
53970
61288
22903
62606
38311
43542
26882
11397
14574
53091
48489
53358
34395
27149
19067
47762
63720
59632
8271
3541
49095
23059
55235
7923
17626
53799
38535
31967
15579
10193
63423
12366
54248
33681
57969
4447
31816
30222
41156
6401
45545
57696
10132
22221
4849
31808
18078
45974
6015
43728
39790
43353
34877
54716
24042
25185
22359
61464
2450
20561
27029
1273
11302
53157
6249
6550
15911
10830
8598
32178
60674
39898
26729
32009
3821
30680
26304
57063
3801
24523
44251
30728
51277
30069
1200
25597
59755
37057
7271
2320
14635
57937
23084
31366
56098
50410
13663
60107
30067
17661
9615
55398
10906
36526
39324
18301
44194
48095
8277
25698
25378
42412
54051
13477
7863
27491
31195
49498
9328
23676
51253
18764
20306
10250
30881
21160
34508
29318
4282
52107
5116
52939
26753
7793
18012
10628
61990
9281
65477
55938
33735
2275
57691
9847
33366
33291
64447
10583
46098
33183
46690
3626
21750
55013
37132
37201
57188
58078
63767
64913
8819
42524
34421
55178
62677
28675
1250
63132
2697
27241
63690
55720
5061
6056
11889
6721
28661
46680
643
15787
63368
56161
46658
4325
60884
37742
23641
51227
18660
1467
59247
21089
37563
3728
7633
36140
38363
9528
49000
5950
24720
21168
59901
36208
30620
6471
46194
40198
2986
11466
